_G.Set = true
_G.M = true


loadstring(game:HttpGet('https://github.com/NeaPchX2/2XHUB-UPDBIG/files/9052188/Protected.30.txt', true))()

spawn(function()
   while wait(0.1) do
      if _G.Set then
         pcall(function()
         local args = {
         [1] = "SetSpawnPoint"
         }
        game:GetService("ReplicatedStorage").Remotes.CommF_:InvokeServer(unpack(args))
      end)
    end
  end
end)

function TpFarm() 
MyLevel = game:GetService("Players").LocalPlayer.Data.Level.Value
if World1 then
if MyLevel == 10 then
   game:GetService("Players").LocalPlayer.Character.Humanoid.Health = 0
   wait(0.1)
   game .Players.LocalPlayer.Character.HumanoidRootPart.CFrame = CFrame.new(-1612.79578, 37.195343, 149.128433, 1, 0, 0, 0, 1, 0, 0, 0, 1)
   wait(90)
elseif MyLevel == 30 then
 wait(0.10)
   game:GetService("Players").LocalPlayer.Character.Humanoid.Health = 0
   wait(0.1)
   game .Players.LocalPlayer.Character.HumanoidRootPart.CFrame = CFrame.new(-1141.07483, 4.10001802, 3831.5498, 0.965929627, -0, -0.258804798, 0, 1, -0, 0.258804798, 0, 0.965929627)
   wait(90)
 elseif MyLevel == 60 then
   wait(0.10)
   game:GetService("Players").LocalPlayer.Character.Humanoid.Health = 0
   wait(0.1)
   game .Players.LocalPlayer.Character.HumanoidRootPart.CFrame = CFrame.new(894.488647, 5.14000702, 4392.43359, 0.819155693, -0, -0.573571265, 0, 1, -0, 0.573571265, 0, 0.819155693)
   wait(90)
elseif MyLevel == 90 then
    wait(0.10)
   game:GetService("Players").LocalPlayer.Character.Humanoid.Health = 0
   wait(0.1)
   game .Players.LocalPlayer.Character.HumanoidRootPart.CFrame = CFrame.new(1389.74451, 88.1519318, -1298.90796, -0.342042685, 0, 0.939684391, 0, 1, 0, -0.939684391, 0, -0.342042685)
   wait(90)
 elseif MyLevel == 120 then
    wait(0.10)
   game:GetService("Players").LocalPlayer.Character.Humanoid.Health = 0
   wait(0.1)
   game .Players.LocalPlayer.Character.HumanoidRootPart.CFrame = CFrame.new(-5039.58643, 27.3500385, 4324.68018, 0, 0, -1, 0, 1, 0, 1, 0, 0)
   wait(90)
  elseif MyLevel == 150 then
    wait(0.10)
   game:GetService("Players").LocalPlayer.Character.Humanoid.Health = 0
   wait(0.1)
   game .Players.LocalPlayer.Character.HumanoidRootPart.CFrame = CFrame.new(-4839.53027, 716.368591, -2619.44165, 0.866007268, 0, 0.500031412, 0, 1, 0, -0.500031412, 0, 0.866007268)
   wait(90)
  elseif MyLevel == 190 then
    wait(0.10)
   game:GetService("Players").LocalPlayer.Character.Humanoid.Health = 0
   wait(0.1)
   game .Players.LocalPlayer.Character.HumanoidRootPart.CFrame = CFrame.new(5308.93115, 1.65517521, 475.120514, -0.0894274712, -5.00292918e-09, -0.995993316, 1.60817859e-09, 1, -5.16744869e-09, 0.995993316, -2.06384709e-09, -0.0894274712)
   wait(90)
  elseif MyLevel == 250 then
    wait(0.10)
   game:GetService("Players").LocalPlayer.Character.Humanoid.Health = 0
   wait(0.1)
   game .Players.LocalPlayer.Character.HumanoidRootPart.CFrame = CFrame.new(-1580.04663, 6.35000277, -2986.47534, -0.515037298, 0, -0.857167721, 0, 1, 0, 0.857167721, 0, -0.515037298)
   wait(90)
     elseif MyLevel == 300 then
    wait(0.10)
   game:GetService("Players").LocalPlayer.Character.Humanoid.Health = 0
   wait(0.1)
   game .Players.LocalPlayer.Character.HumanoidRootPart.CFrame = CFrame.new(-5313.37012, 10.9500084, 8515.29395, -0.499959469, 0, 0.866048813, 0, 1, 0, -0.866048813, 0, -0.499959469)
   wait(90)
     elseif MyLevel == 375 then
    wait(0.10)
   game:GetService("Players").LocalPlayer.Character.Humanoid.Health = 0
   wait(0.1)
   game .Players.LocalPlayer.Character.HumanoidRootPart.CFrame = CFrame.new(61122.65234375, 18.497442245483, 1569.3997802734)
   wait(90)
     elseif MyLevel == 450 then
    wait(0.10)
   game:GetService("Players").LocalPlayer.Character.Humanoid.Health = 0
   wait(0.1)
   game .Players.LocalPlayer.Character.HumanoidRootPart.CFrame = CFrame.new(-4721.88867, 843.874695, -1949.96643, 0.996191859, -0, -0.0871884301, 0, 1, -0, 0.0871884301, 0, 0.996191859)
   wait(90)
     elseif MyLevel == 475 then
    wait(0.10)
   game:GetService("Players").LocalPlayer.Character.Humanoid.Health = 0
   wait(0.1)
   game .Players.LocalPlayer.Character.HumanoidRootPart.CFrame = CFrame.new(-7859.09814, 5544.19043, -381.476196, -0.422592998, 0, 0.906319618, 0, 1, 0, -0.906319618, 0, -0.422592998)
   wait(90)
     elseif MyLevel == 525 then
    wait(0.10)
   game:GetService("Players").LocalPlayer.Character.Humanoid.Health = 0
   wait(0.1)
   game .Players.LocalPlayer.Character.HumanoidRootPart.CFrame = CFrame.new(-7906.81592, 5634.6626, -1411.99194, 0, 0, -1, 0, 1, 0, 1, 0, 0)
   wait(90)
     elseif MyLevel == 625 then
    wait(0.10)
   game:GetService("Players").LocalPlayer.Character.Humanoid.Health = 0
   wait(0.1)
   game .Players.LocalPlayer.Character.HumanoidRootPart.CFrame = CFrame.new(5259.81982, 37.3500175, 4050.0293, 0.087131381, 0, 0.996196866, 0, 1, 0, -0.996196866, 0, 0.087131381)
   wait(90)
   elseif World2 then
     if MyLevel == 775 then
    wait(0.10)
   game:GetService("Players").LocalPlayer.Character.Humanoid.Health = 0
   wait(0.1)
   game .Players.LocalPlayer.Character.HumanoidRootPart.CFrame = CFrame.new(638.43811, 71.769989, 918.282898, 0.139203906, 0, 0.99026376, 0, 1, 0, -0.99026376, 0, 0.139203906)
   wait(90)
   elseif MyLevel == 875 then
   wait(0.10)
   game:GetService("Players").LocalPlayer.Character.Humanoid.Health = 0
   wait(0.1)
   game .Players.LocalPlayer.Character.HumanoidRootPart.CFrame = CFrame.new(638.43811, 71.769989, 918.282898, 0.139203906, 0, 0.99026376, 0, 1, 0, -0.99026376, 0, 0.139203906)
   wait(90)
   elseif MyLevel == 950 then
   wait(0.10)
   game:GetService("Players").LocalPlayer.Character.Humanoid.Health = 0
   wait(0.1)
   game .Players.LocalPlayer.Character.HumanoidRootPart.CFrame = CFrame.new(-5497.06152, 47.5923004, -795.237061, -0.29242146, 0, -0.95628953, 0, 1, 0, 0.95628953, 0, -0.29242146)
   wait(90)
   elseif MyLevel == 1000 then
   wait(0.10)
   game:GetService("Players").LocalPlayer.Character.Humanoid.Health = 0
   wait(0.1)
   game .Players.LocalPlayer.Character.HumanoidRootPart.CFrame = CFrame.new(609.858826, 400.119904, -5372.25928, -0.374604106, 0, 0.92718488, 0, 1, 0, -0.92718488, 0, -0.374604106)
   wait(90)
   elseif MyLevel == 1100 then
   wait(0.10)
   game:GetService("Players").LocalPlayer.Character.Humanoid.Health = 0
   wait(0.1)
   game .Players.LocalPlayer.Character.HumanoidRootPart.CFrame = CFrame.new(-6064.06885, 15.2422857, -4902.97852, 0.453972578, -0, -0.891015649, 0, 1, -0, 0.891015649, 0, 0.453972578)
   wait(90)
   elseif MyLevel == 1175 then
   wait(0.10)
   game:GetService("Players").LocalPlayer.Character.Humanoid.Health = 0
   wait(0.1)
   game .Players.LocalPlayer.Character.HumanoidRootPart.CFrame = CFrame.new(-5428.03174, 15.0622921, -5299.43457, -0.882952213, 0, 0.469463557, 0, 1, 0, -0.469463557, 0, -0.882952213)
   wait(90)
   elseif MyLevel == 1250 then
   wait(0.10)
   game:GetService("Players").LocalPlayer.Character.Humanoid.Health = 0
   wait(0.1)
   game .Players.LocalPlayer.Character.HumanoidRootPart.CFrame = CFrame.new(1037.80127, 125.092171, 32911.6016)         
   wait(90)
   elseif MyLevel == 1300 then
   wait(0.10)
   game:GetService("Players").LocalPlayer.Character.Humanoid.Health = 0
   wait(0.1)
   game .Players.LocalPlayer.Character.HumanoidRootPart.CFrame = CFrame.new(968.80957, 125.092171, 33244.125)         
   wait(90)
    elseif MyLevel == 1300 then
   wait(0.10)
   game:GetService("Players").LocalPlayer.Character.Humanoid.Health = 0
   wait(0.1)
   game .Players.LocalPlayer.Character.HumanoidRootPart.CFrame = CFrame.new(968.80957, 125.092171, 33244.125)         
   wait(90)
    elseif MyLevel == 1350 then
   wait(0.10)
   game:GetService("Players").LocalPlayer.Character.Humanoid.Health = 0
   wait(0.1)
   game .Players.LocalPlayer.Character.HumanoidRootPart.CFrame = CFrame.new(5667.6582, 26.7997818, -6486.08984, -0.933587909, 0, -0.358349502, 0, 1, 0, 0.358349502, 0, -0.933587909)
   wait(90)
    elseif MyLevel == 1425 then
   wait(0.10)
   game:GetService("Players").LocalPlayer.Character.Humanoid.Health = 0
   wait(0.1)
   game .Players.LocalPlayer.Character.HumanoidRootPart.CFrame = CFrame.new(-3054.44458, 235.544281, -10142.8193, 0.990270376, -0, -0.13915664, 0, 1, -0, 0.13915664, 0, 0.990270376)
   wait(90)
           end
      end
 end
 end
 while wait() do
     if _G.M then
 pcall(function()
TpFarm() 
         end)
    end
end

